{"type":"group","tags":[],"content":[{"type":"group","tags":[],"matrix":[1,0,0,0,0,1,0,0,0,0,1,0,-45,-1.5,0,1,"1","0","0","-45","0","1","0","-3/2","0","0","1","0","1"],"content":[{"type":"graph","tags":["material:steel","color:#bababa","color:#bababa"],"graph":{"isClosed":true,"isEmpty":false,"isLazy":true,"provenance":"algorithm/cgal/fromSurfaceMeshToLazyGraph","serializedSurfaceMesh":"41\n7/16 5/8 0\n-5/8 -5/8 0\n-13/16 -13/16 0\n13/16 -13/16 0\n5/8 5/8 0\n5/8 -5/8 0\n-5/8 5/8 0\n-7/16 5/8 0\n7/16 5/8 36\n7/16 13/16 36\n-5/8 -5/8 36\n-13/16 -13/16 36\n13/16 -13/16 36\n13/16 13/16 36\n5/8 5/8 36\n5/8 -5/8 36\n-5/8 5/8 36\n-7/16 5/8 36\n-13/16 13/16 36\n-7/16 13/16 36\n-3313/4560 3313/4560 0\n-2387/4560 3313/4560 0\n-12671/15600 13/16 8/325\n-28013/34960 3313/4560 0\n6829/15600 13/16 8/325\n2387/4560 3313/4560 0\n-13/16 13/16 8/325\n-7/16 3313/4560 0\n-7/16 2487613/3062160 1568/63795\n3313/4560 3313/4560 0\n-7/16 13/16 8/325\n13/16 3313/4560 0\n13/16 13/16 8/325\n7/16 13/16 8/325\n-13/16 3313/4560 0\n13/16 289963/357360 2352/96785\n7/16 3313/4560 0\n-136697/291200 13/16 8/325\n-23893/51072 3313/4560 0\n227303/291200 13/16 8/325\n39947/51072 3313/4560 0\n\n78\n3 36 25 0\n3 23 20 6\n3 2 5 3\n3 5 4 3\n3 2 1 5\n3 6 21 7\n3 34 23 1\n3 8 14 9\n3 18 10 16\n3 11 12 15\n3 14 12 13\n3 9 14 13\n3 15 12 14\n3 11 15 10\n3 16 17 19\n3 11 10 18\n3 16 19 18\n3 14 8 4\n3 0 4 8\n3 8 9 0\n3 9 33 0\n3 16 10 6\n3 1 6 10\n3 12 11 3\n3 2 3 11\n3 35 32 12\n3 3 31 35\n3 13 24 9\n3 15 14 5\n3 4 5 14\n3 10 15 1\n3 5 1 15\n3 17 16 7\n3 6 7 16\n3 17 28 30\n3 7 27 28\n3 11 18 2\n3 18 26 2\n3 19 22 18\n3 37 21 20\n3 39 25 24\n3 24 36 33\n3 39 29 25\n3 33 36 0\n3 13 12 32\n3 24 25 36\n3 35 39 32\n3 3 35 12\n3 40 39 35\n3 7 28 17\n3 31 40 35\n3 17 30 19\n3 29 4 25\n3 4 0 25\n3 24 33 9\n3 1 2 34\n3 37 38 21\n3 37 20 22\n3 22 26 18\n3 6 1 23\n3 22 23 34\n3 20 23 22\n3 21 6 20\n3 19 30 37\n3 26 22 34\n3 28 37 30\n3 22 19 37\n3 40 29 39\n3 26 34 2\n3 38 37 28\n3 38 27 7\n3 21 38 7\n3 27 38 28\n3 13 32 39\n3 24 13 39\n3 4 31 3\n3 4 40 31\n3 4 29 40\n","hash":"Gfr3+uON4xq2dj49DetDsp8eh5z/XYofr6YhEK5iD5g="},"matrix":[1,0,0,0,0,0.9613643223664352,-0.2752792031391488,0,0,0.2752792031391488,0.9613643223664352,0,-45,-21.5,1.825,1,"1","0","0","-45","0","3185/3313","912/3313","-43/2","0","-912/3313","3185/3313","73/40","1"],"provenance":"geometry/graph/cut","hash":"Y60CElvB0qC8DJR/AwFJoZ3lwjTZn6OnkiB84bcMKr8=","cache":{"boundingBox":[[-45.81250000000001,-22.28110851192273,1.6249999999999996],[-44.18749999999999,-10.808840175067907,36.65777995774225]]}},{"type":"graph","tags":["material:steel","color:#bababa","color:#bababa"],"graph":{"isClosed":true,"isEmpty":false,"isLazy":true,"provenance":"algorithm/cgal/fromSurfaceMeshToLazyGraph","serializedSurfaceMesh":"24\n7/16 5/8 0\n7/16 13/16 0\n-5/8 -5/8 0\n-13/16 -13/16 0\n13/16 -13/16 0\n13/16 13/16 0\n5/8 5/8 0\n5/8 -5/8 0\n-5/8 5/8 0\n-7/16 5/8 0\n-13/16 13/16 0\n-7/16 13/16 0\n7/16 5/8 21\n7/16 13/16 21\n-5/8 -5/8 21\n-13/16 -13/16 21\n13/16 -13/16 21\n13/16 13/16 21\n5/8 5/8 21\n5/8 -5/8 21\n-5/8 5/8 21\n-7/16 5/8 21\n-13/16 13/16 21\n-7/16 13/16 21\n\n44\n3 1 6 0\n3 8 2 10\n3 7 4 3\n3 5 4 6\n3 5 6 1\n3 6 4 7\n3 2 7 3\n3 11 9 8\n3 10 2 3\n3 10 11 8\n3 18 13 12\n3 14 20 22\n3 16 19 15\n3 16 17 18\n3 18 17 13\n3 16 18 19\n3 19 14 15\n3 21 23 20\n3 14 22 15\n3 23 22 20\n3 12 6 18\n3 6 12 0\n3 13 0 12\n3 0 13 1\n3 14 8 20\n3 8 14 2\n3 15 4 16\n3 4 15 3\n3 16 5 17\n3 5 16 4\n3 17 1 13\n3 1 17 5\n3 18 7 19\n3 7 18 6\n3 19 2 14\n3 2 19 7\n3 20 9 21\n3 9 20 8\n3 21 11 23\n3 11 21 9\n3 22 3 15\n3 3 22 10\n3 23 10 22\n3 10 23 11\n","hash":"ym+CWmrW/VdQBWBMNqbtFlteMRwraaKnI8jjViUcc+U="},"matrix":[1,0,0,0,0,0,1,0,0,-1,0,0,-45,-1.5,0.8125,1,"1","0","0","-45","0","0","-1","-3/2","0","1","0","13/16","1"],"hash":"cKLdfOJDucj3ztOn0bhRc8JbMIHOqw3HnOUXI20ggu4=","cache":{"boundingBox":[[-45.81250000000001,-22.50000000000001,-3.33066907387547e-16],[-44.18749999999999,-1.4999999999999998,1.6250000000000007]]}}],"hash":"Nwl1IsUh+JOS8f2zNu1Hysve2XYPTDwxBYfZPJLqfzQ="},{"type":"group","tags":[],"matrix":[1,0,0,0,0,1,0,0,0,0,1,0,45,-1.4,0,1,"1","0","0","45","0","1","0","-7/5","0","0","1","0","1"],"content":[{"type":"graph","tags":["material:steel","color:#bababa","color:#bababa"],"graph":{"isClosed":true,"isEmpty":false,"isLazy":true,"provenance":"algorithm/cgal/fromSurfaceMeshToLazyGraph","serializedSurfaceMesh":"41\n7/16 5/8 0\n-5/8 -5/8 0\n-13/16 -13/16 0\n13/16 -13/16 0\n5/8 5/8 0\n5/8 -5/8 0\n-5/8 5/8 0\n-7/16 5/8 0\n7/16 5/8 36\n7/16 13/16 36\n-5/8 -5/8 36\n-13/16 -13/16 36\n13/16 -13/16 36\n13/16 13/16 36\n5/8 5/8 36\n5/8 -5/8 36\n-5/8 5/8 36\n-7/16 5/8 36\n-13/16 13/16 36\n-7/16 13/16 36\n-3313/4560 3313/4560 0\n-2387/4560 3313/4560 0\n-12671/15600 13/16 8/325\n-28013/34960 3313/4560 0\n6829/15600 13/16 8/325\n2387/4560 3313/4560 0\n-13/16 13/16 8/325\n-7/16 3313/4560 0\n-7/16 2487613/3062160 1568/63795\n3313/4560 3313/4560 0\n-7/16 13/16 8/325\n13/16 3313/4560 0\n13/16 13/16 8/325\n7/16 13/16 8/325\n-13/16 3313/4560 0\n13/16 289963/357360 2352/96785\n7/16 3313/4560 0\n-136697/291200 13/16 8/325\n-23893/51072 3313/4560 0\n227303/291200 13/16 8/325\n39947/51072 3313/4560 0\n\n78\n3 36 25 0\n3 23 20 6\n3 2 5 3\n3 5 4 3\n3 2 1 5\n3 6 21 7\n3 34 23 1\n3 8 14 9\n3 18 10 16\n3 11 12 15\n3 14 12 13\n3 9 14 13\n3 15 12 14\n3 11 15 10\n3 16 17 19\n3 11 10 18\n3 16 19 18\n3 14 8 4\n3 0 4 8\n3 8 9 0\n3 9 33 0\n3 16 10 6\n3 1 6 10\n3 12 11 3\n3 2 3 11\n3 35 32 12\n3 3 31 35\n3 13 24 9\n3 15 14 5\n3 4 5 14\n3 10 15 1\n3 5 1 15\n3 17 16 7\n3 6 7 16\n3 17 28 30\n3 7 27 28\n3 11 18 2\n3 18 26 2\n3 19 22 18\n3 37 21 20\n3 39 25 24\n3 24 36 33\n3 39 29 25\n3 33 36 0\n3 13 12 32\n3 24 25 36\n3 35 39 32\n3 3 35 12\n3 40 39 35\n3 7 28 17\n3 31 40 35\n3 17 30 19\n3 29 4 25\n3 4 0 25\n3 24 33 9\n3 1 2 34\n3 37 38 21\n3 37 20 22\n3 22 26 18\n3 6 1 23\n3 22 23 34\n3 20 23 22\n3 21 6 20\n3 19 30 37\n3 26 22 34\n3 28 37 30\n3 22 19 37\n3 40 29 39\n3 26 34 2\n3 38 37 28\n3 38 27 7\n3 21 38 7\n3 27 38 28\n3 13 32 39\n3 24 13 39\n3 4 31 3\n3 4 40 31\n3 4 29 40\n","hash":"Gfr3+uON4xq2dj49DetDsp8eh5z/XYofr6YhEK5iD5g="},"matrix":[1,0,0,0,0,0.9613643223664352,-0.2752792031391488,0,0,0.2752792031391488,0.9613643223664352,0,45,-21.4,1.825,1,"1","0","0","45","0","3185/3313","912/3313","-107/5","0","-912/3313","3185/3313","73/40","1"],"provenance":"geometry/graph/cut","hash":"1RDglX1XkkwxgUfNVRbLaafbi3jqqwg018ZHtxULoaM=","cache":{"boundingBox":[[44.18749999999999,-22.181108511922734,1.6249999999999996],[45.81250000000001,-10.708840175067905,36.65777995774225]]}},{"type":"graph","tags":["material:steel","color:#bababa","color:#bababa"],"graph":{"isClosed":true,"isEmpty":false,"isLazy":true,"provenance":"algorithm/cgal/fromSurfaceMeshToLazyGraph","serializedSurfaceMesh":"24\n7/16 5/8 0\n7/16 13/16 0\n-5/8 -5/8 0\n-13/16 -13/16 0\n13/16 -13/16 0\n13/16 13/16 0\n5/8 5/8 0\n5/8 -5/8 0\n-5/8 5/8 0\n-7/16 5/8 0\n-13/16 13/16 0\n-7/16 13/16 0\n7/16 5/8 21\n7/16 13/16 21\n-5/8 -5/8 21\n-13/16 -13/16 21\n13/16 -13/16 21\n13/16 13/16 21\n5/8 5/8 21\n5/8 -5/8 21\n-5/8 5/8 21\n-7/16 5/8 21\n-13/16 13/16 21\n-7/16 13/16 21\n\n44\n3 1 6 0\n3 8 2 10\n3 7 4 3\n3 5 4 6\n3 5 6 1\n3 6 4 7\n3 2 7 3\n3 11 9 8\n3 10 2 3\n3 10 11 8\n3 18 13 12\n3 14 20 22\n3 16 19 15\n3 16 17 18\n3 18 17 13\n3 16 18 19\n3 19 14 15\n3 21 23 20\n3 14 22 15\n3 23 22 20\n3 12 6 18\n3 6 12 0\n3 13 0 12\n3 0 13 1\n3 14 8 20\n3 8 14 2\n3 15 4 16\n3 4 15 3\n3 16 5 17\n3 5 16 4\n3 17 1 13\n3 1 17 5\n3 18 7 19\n3 7 18 6\n3 19 2 14\n3 2 19 7\n3 20 9 21\n3 9 20 8\n3 21 11 23\n3 11 21 9\n3 22 3 15\n3 3 22 10\n3 23 10 22\n3 10 23 11\n","hash":"ym+CWmrW/VdQBWBMNqbtFlteMRwraaKnI8jjViUcc+U="},"matrix":[1,0,0,0,0,0,1,0,0,-1,0,0,45,-1.4,0.8125,1,"1","0","0","45","0","0","-1","-7/5","0","1","0","13/16","1"],"hash":"dvm1wfYFdtQGrOaur334Ut+g9M7Z6tCucAldwfvHkCo=","cache":{"boundingBox":[[44.18749999999999,-22.40000000000001,-3.33066907387547e-16],[45.81250000000001,-1.3999999999999997,1.6250000000000007]]}}],"hash":"+bG1JCDmMt7WL+jf4oMIaAS+S3z6yrdJ7oUDl9rmMQs="},{"type":"group","tags":[],"matrix":[1,0,0,0,0,0.9659632402995234,0.2586793737236215,0,0,-0.2586793737236215,0.9659632402995234,0,0,0,0.5,1,"1","0","0","0","0","1419/1469","-380/1469","0","0","380/1469","1419/1469","1/2","1"],"content":[{"type":"group","tags":[],"matrix":[1,0,0,0,0,0.9659632402995234,0.2586793737236215,0,0,-0.2586793737236215,0.9659632402995234,0,0,0,0.5,1,"1","0","0","0","0","1419/1469","-380/1469","0","0","380/1469","1419/1469","1/2","1"],"content":[{"type":"graph","tags":["material:steel","color:#bababa","color:#bababa"],"graph":{"isClosed":true,"isEmpty":false,"isLazy":true,"provenance":"algorithm/cgal/fromSurfaceMeshToLazyGraph","serializedSurfaceMesh":"38\n7/16 5/8 0\n7/16 13/16 0\n-5/8 -5/8 0\n-13/16 -13/16 0\n13/16 -13/16 0\n13/16 13/16 0\n5/8 5/8 0\n5/8 -5/8 0\n-5/8 5/8 0\n-7/16 5/8 0\n-13/16 13/16 0\n-7/16 13/16 0\n7/16 5/8 80\n7/16 13/16 80\n-5/8 -5/8 80\n-13/16 -13/16 80\n13/16 -13/16 80\n13/16 13/16 80\n5/8 5/8 80\n5/8 -5/8 80\n-5/8 5/8 80\n-7/16 5/8 80\n-13/16 13/16 80\n-7/16 13/16 80\n-1079/2560 -13/16 243/4\n1417/2560 -13/16 51/4\n-13/16 -13/16 243/4\n-13/16 -13/16 51/4\n13/16 -13/16 51/4\n13/16 -13/16 243/4\n-13/16 -1571/2048 243/4\n-13/16 -3/4 243/4\n-13/16 -3/4 1909/32\n-13/16 -3/4 51/4\n13/16 -1597/2048 243/4\n13/16 -3/4 243/4\n13/16 -3/4 1883/32\n13/16 -3/4 51/4\n\n72\n3 0 1 6\n3 10 8 2\n3 3 7 4\n3 6 5 4\n3 1 5 6\n3 7 6 4\n3 3 2 7\n3 8 11 9\n3 3 10 2\n3 8 10 11\n3 12 18 13\n3 22 14 20\n3 15 16 19\n3 18 16 17\n3 13 18 17\n3 19 16 18\n3 15 19 14\n3 20 21 23\n3 15 14 22\n3 20 23 22\n3 18 12 6\n3 0 6 12\n3 12 13 0\n3 1 0 13\n3 20 14 8\n3 2 8 14\n3 15 24 16\n3 4 25 3\n3 17 16 5\n3 24 34 29\n3 13 17 1\n3 5 1 17\n3 19 18 7\n3 6 7 18\n3 14 19 2\n3 7 2 19\n3 21 20 9\n3 8 9 20\n3 23 21 11\n3 9 11 21\n3 30 34 24\n3 10 3 22\n3 22 23 10\n3 11 10 23\n3 25 33 27\n3 15 26 24\n3 25 37 33\n3 25 27 3\n3 28 37 25\n3 4 28 25\n3 32 33 36\n3 24 29 16\n3 32 22 33\n3 15 22 31\n3 32 36 35\n3 26 15 30\n3 31 32 35\n3 30 15 31\n3 30 35 34\n3 31 22 32\n3 3 33 22\n3 3 27 33\n3 36 5 35\n3 4 5 37\n3 30 31 35\n3 16 29 34\n3 16 35 5\n3 16 34 35\n3 24 26 30\n3 37 5 36\n3 36 33 37\n3 28 4 37\n","hash":"cSqnegFkzDdSALJAZagGVW9hrXi3j8+VfFrxQ32EJ9c="},"matrix":[-1,0,0,0,0,-0.9659632402995234,-0.2586793737236215,0,0,-0.2586793737236215,0.9659632402995234,0,45,-0.8407079646017699,3.639380530973451,1,"-1","0","0","45","0","-1419/1469","-380/1469","-95/113","0","-380/1469","1419/1469","1645/452","1"],"provenance":"geometry/graph/cut","hash":"1MMag1LyppqMF5P8SXJAyQk+RpP3H9Fr0GZptBC8Ti8=","cache":{"boundingBox":[[44.18749999999999,-22.319902995234866,3.429203539823008],[45.81250000000001,-0.055862831858406674,81.12661674608583]]}},{"type":"graph","tags":["material:steel","color:#bababa","color:#bababa"],"graph":{"isClosed":true,"isEmpty":false,"isLazy":true,"provenance":"algorithm/cgal/fromSurfaceMeshToLazyGraph","serializedSurfaceMesh":"38\n7/16 5/8 0\n7/16 13/16 0\n-5/8 -5/8 0\n-13/16 -13/16 0\n13/16 -13/16 0\n13/16 13/16 0\n5/8 5/8 0\n5/8 -5/8 0\n-5/8 5/8 0\n-7/16 5/8 0\n-13/16 13/16 0\n-7/16 13/16 0\n7/16 5/8 80\n7/16 13/16 80\n-5/8 -5/8 80\n-13/16 -13/16 80\n13/16 -13/16 80\n13/16 13/16 80\n5/8 5/8 80\n5/8 -5/8 80\n-5/8 5/8 80\n-7/16 5/8 80\n-13/16 13/16 80\n-7/16 13/16 80\n-1079/2560 -13/16 243/4\n1417/2560 -13/16 51/4\n-13/16 -13/16 243/4\n-13/16 -13/16 51/4\n13/16 -13/16 51/4\n13/16 -13/16 243/4\n-13/16 -3/4 243/4\n-13/16 -3/4 469/32\n-13/16 -1597/2048 51/4\n-13/16 -3/4 51/4\n13/16 -3/4 243/4\n13/16 -3/4 443/32\n13/16 -1571/2048 51/4\n13/16 -3/4 51/4\n\n72\n3 0 1 6\n3 10 8 2\n3 3 7 4\n3 6 5 4\n3 1 5 6\n3 7 6 4\n3 3 2 7\n3 8 11 9\n3 3 10 2\n3 8 10 11\n3 12 18 13\n3 22 14 20\n3 15 16 19\n3 18 16 17\n3 13 18 17\n3 19 16 18\n3 15 19 14\n3 20 21 23\n3 15 14 22\n3 20 23 22\n3 18 12 6\n3 0 6 12\n3 12 13 0\n3 1 0 13\n3 20 14 8\n3 2 8 14\n3 15 24 16\n3 4 25 3\n3 17 16 5\n3 24 34 29\n3 13 17 1\n3 5 1 17\n3 19 18 7\n3 6 7 18\n3 14 19 2\n3 7 2 19\n3 21 20 9\n3 8 9 20\n3 23 21 11\n3 9 11 21\n3 26 30 24\n3 10 3 22\n3 22 23 10\n3 11 10 23\n3 24 30 34\n3 15 26 24\n3 25 32 27\n3 25 27 3\n3 28 36 25\n3 4 28 25\n3 35 33 37\n3 24 29 16\n3 30 22 31\n3 15 22 30\n3 36 33 32\n3 26 15 30\n3 33 31 22\n3 36 37 33\n3 35 34 31\n3 3 27 32\n3 3 33 22\n3 3 32 33\n3 35 5 34\n3 4 5 37\n3 16 34 5\n3 16 29 34\n3 30 31 34\n3 37 5 35\n3 32 25 36\n3 28 4 36\n3 35 31 33\n3 36 4 37\n","hash":"QHgcex5fqKjKPy2/gvepz3FW5DhTz8aaxx8TfLYTask="},"matrix":[-1,0,0,0,0,-0.9659632402995234,-0.2586793737236215,0,0,-0.2586793737236215,0.9659632402995234,0,-45,-0.8407079646017699,3.639380530973451,1,"-1","0","0","-45","0","-1419/1469","-380/1469","-95/113","0","-380/1469","1419/1469","1645/452","1"],"provenance":"geometry/graph/cut","hash":"U+COrHiRJtM9+p1QczJH+RasfvGodrmPQWcBp/hVLok=","cache":{"boundingBox":[[-45.81250000000001,-22.319902995234866,3.429203539823008],[-44.18749999999999,-0.055862831858406674,81.12661674608583]]}},{"type":"group","tags":[],"matrix":[1,0,0,0,0,0.9659632402995234,0.2586793737236215,0,0,-0.2586793737236215,0.9659632402995234,0,0,0,0.5,1,"1","0","0","0","0","1419/1469","-380/1469","0","0","380/1469","1419/1469","1/2","1"],"content":[{"type":"graph","tags":["material:steel","color:#bababa","color:#bababa"],"graph":{"isClosed":true,"isEmpty":false,"isLazy":true,"provenance":"algorithm/cgal/fromSurfaceMeshToLazyGraph","serializedSurfaceMesh":"24\n7/16 5/8 0\n7/16 13/16 0\n-5/8 -5/8 0\n-13/16 -13/16 0\n13/16 -13/16 0\n13/16 13/16 0\n5/8 5/8 0\n5/8 -5/8 0\n-5/8 5/8 0\n-7/16 5/8 0\n-13/16 13/16 0\n-7/16 13/16 0\n7/16 5/8 120\n7/16 13/16 120\n-5/8 -5/8 120\n-13/16 -13/16 120\n13/16 -13/16 120\n13/16 13/16 120\n5/8 5/8 120\n5/8 -5/8 120\n-5/8 5/8 120\n-7/16 5/8 120\n-13/16 13/16 120\n-7/16 13/16 120\n\n44\n3 1 6 0\n3 8 2 10\n3 7 4 3\n3 5 4 6\n3 5 6 1\n3 6 4 7\n3 2 7 3\n3 11 9 8\n3 10 2 3\n3 10 11 8\n3 18 13 12\n3 14 20 22\n3 16 19 15\n3 16 17 18\n3 18 17 13\n3 16 18 19\n3 19 14 15\n3 21 23 20\n3 14 22 15\n3 23 22 20\n3 12 6 18\n3 6 12 0\n3 13 0 12\n3 0 13 1\n3 14 8 20\n3 8 14 2\n3 15 4 16\n3 4 15 3\n3 16 5 17\n3 5 16 4\n3 17 1 13\n3 1 17 5\n3 18 7 19\n3 7 18 6\n3 19 2 14\n3 2 19 7\n3 20 9 21\n3 9 20 8\n3 21 11 23\n3 11 21 9\n3 22 3 15\n3 3 22 10\n3 23 10 22\n3 10 23 11\n","hash":"vjW8HbML4DxbEZ0tDAg4tPtzQOXPxrHeVidByTRk2Sw="},"matrix":[0,-0.2586793737236215,0.9659632402995234,0,0,-0.9659632402995234,-0.2586793737236215,0,1,0,0,0,-48,-0.6305309734513274,2.8545353982300883,1,"0","0","1","-48","-380/1469","-1419/1469","0","-285/452","1419/1469","-380/1469","0","5161/1808","1"],"hash":"YQCuvzWiBknbgN3lnJI/U7E+OhzvkLcSztSXeCskMcU=","cache":{"boundingBox":[[-48.00000000000001,-1.6255530973451335,1.8595132743362823],[72.00000000000004,0.36449115044247843,3.8495575221238947]]}},{"type":"graph","tags":["material:steel","color:#bababa","color:#bababa"],"graph":{"isClosed":true,"isEmpty":false,"isLazy":true,"provenance":"algorithm/cgal/fromSurfaceMeshToLazyGraph","serializedSurfaceMesh":"24\n7/16 5/8 0\n7/16 13/16 0\n-5/8 -5/8 0\n-13/16 -13/16 0\n13/16 -13/16 0\n13/16 13/16 0\n5/8 5/8 0\n5/8 -5/8 0\n-5/8 5/8 0\n-7/16 5/8 0\n-13/16 13/16 0\n-7/16 13/16 0\n7/16 5/8 100\n7/16 13/16 100\n-5/8 -5/8 100\n-13/16 -13/16 100\n13/16 -13/16 100\n13/16 13/16 100\n5/8 5/8 100\n5/8 -5/8 100\n-5/8 5/8 100\n-7/16 5/8 100\n-13/16 13/16 100\n-7/16 13/16 100\n\n44\n3 1 6 0\n3 8 2 10\n3 7 4 3\n3 5 4 6\n3 5 6 1\n3 6 4 7\n3 2 7 3\n3 11 9 8\n3 10 2 3\n3 10 11 8\n3 18 13 12\n3 14 20 22\n3 16 19 15\n3 16 17 18\n3 18 17 13\n3 16 18 19\n3 19 14 15\n3 21 23 20\n3 14 22 15\n3 23 22 20\n3 12 6 18\n3 6 12 0\n3 13 0 12\n3 0 13 1\n3 14 8 20\n3 8 14 2\n3 15 4 16\n3 4 15 3\n3 16 5 17\n3 5 16 4\n3 17 1 13\n3 1 17 5\n3 18 7 19\n3 7 18 6\n3 19 2 14\n3 2 19 7\n3 20 9 21\n3 9 20 8\n3 21 11 23\n3 11 21 9\n3 22 3 15\n3 3 22 10\n3 23 10 22\n3 10 23 11\n","hash":"rId1gFdbaoVsdr4bq3v/1mFjF0E22x93jm6gf/hYxWo="},"matrix":[0,-0.2586793737236215,0.9659632402995234,0,0,-0.9659632402995234,-0.2586793737236215,0,1,0,0,0,-72,-0.21017699115044247,1.2848451327433628,1,"0","0","1","-72","-380/1469","-1419/1469","0","-95/452","1419/1469","-380/1469","0","2323/1808","1"],"hash":"4J9LNBm1XdbRXTu+DF1ngokaYyu+VfSeny7zswyc8SY=","cache":{"boundingBox":[[-72.00000000000001,-1.2051991150442485,0.289823008849557],[28.000000000000032,0.7848451327433633,2.279867256637169]]}}],"hash":"4+hM7z/uFXtAU8YfrdAVi8i85V/gcve5g+qUz89OKsw="},{"type":"group","tags":[],"matrix":[1,0,0,0,0,0.9659632402995234,0.2586793737236215,0,0,-0.2586793737236215,0.9659632402995234,0,0,-21.535057862491488,80.91643975493533,1,"1","0","0","0","0","1419/1469","-380/1469","-31635/1469","0","380/1469","1419/1469","475465/5876","1"],"content":[{"type":"graph","tags":["material:steel","color:#bababa","color:#bababa"],"graph":{"isClosed":true,"isEmpty":false,"isLazy":true,"provenance":"algorithm/cgal/fromSurfaceMeshToLazyGraph","serializedSurfaceMesh":"24\n7/16 5/8 0\n7/16 13/16 0\n-5/8 -5/8 0\n-13/16 -13/16 0\n13/16 -13/16 0\n13/16 13/16 0\n5/8 5/8 0\n5/8 -5/8 0\n-5/8 5/8 0\n-7/16 5/8 0\n-13/16 13/16 0\n-7/16 13/16 0\n7/16 5/8 100\n7/16 13/16 100\n-5/8 -5/8 100\n-13/16 -13/16 100\n13/16 -13/16 100\n13/16 13/16 100\n5/8 5/8 100\n5/8 -5/8 100\n-5/8 5/8 100\n-7/16 5/8 100\n-13/16 13/16 100\n-7/16 13/16 100\n\n44\n3 1 6 0\n3 8 2 10\n3 7 4 3\n3 5 4 6\n3 5 6 1\n3 6 4 7\n3 2 7 3\n3 11 9 8\n3 10 2 3\n3 10 11 8\n3 18 13 12\n3 14 20 22\n3 16 19 15\n3 16 17 18\n3 18 17 13\n3 16 18 19\n3 19 14 15\n3 21 23 20\n3 14 22 15\n3 23 22 20\n3 12 6 18\n3 6 12 0\n3 13 0 12\n3 0 13 1\n3 14 8 20\n3 8 14 2\n3 15 4 16\n3 4 15 3\n3 16 5 17\n3 5 16 4\n3 17 1 13\n3 1 17 5\n3 18 7 19\n3 7 18 6\n3 19 2 14\n3 2 19 7\n3 20 9 21\n3 9 20 8\n3 21 11 23\n3 11 21 9\n3 22 3 15\n3 3 22 10\n3 23 10 22\n3 10 23 11\n","hash":"rId1gFdbaoVsdr4bq3v/1mFjF0E22x93jm6gf/hYxWo="},"matrix":[0,-0.2586793737236215,0.9659632402995234,0,0,-0.9659632402995234,-0.2586793737236215,0,1,0,0,0,-72,-22.165588835942817,83.27097515316541,1,"0","0","1","-72","-380/1469","-1419/1469","0","-130245/5876","1419/1469","-380/1469","0","1957201/23504","1"],"hash":"ulpvfCJL6rhPDMRC2nmytt+Z+YFO9AjmgNCno0M2lHE=","cache":{"boundingBox":[[-72.00000000000001,-23.160610959836628,82.27595302927159],[28.000000000000032,-21.17056671204901,84.26599727705924]]}},{"type":"graph","tags":["material:steel","color:#bababa","color:#bababa"],"graph":{"isClosed":true,"isEmpty":false,"isLazy":true,"provenance":"algorithm/cgal/fromSurfaceMeshToLazyGraph","serializedSurfaceMesh":"24\n7/16 5/8 0\n7/16 13/16 0\n-5/8 -5/8 0\n-13/16 -13/16 0\n13/16 -13/16 0\n13/16 13/16 0\n5/8 5/8 0\n5/8 -5/8 0\n-5/8 5/8 0\n-7/16 5/8 0\n-13/16 13/16 0\n-7/16 13/16 0\n7/16 5/8 120\n7/16 13/16 120\n-5/8 -5/8 120\n-13/16 -13/16 120\n13/16 -13/16 120\n13/16 13/16 120\n5/8 5/8 120\n5/8 -5/8 120\n-5/8 5/8 120\n-7/16 5/8 120\n-13/16 13/16 120\n-7/16 13/16 120\n\n44\n3 1 6 0\n3 8 2 10\n3 7 4 3\n3 5 4 6\n3 5 6 1\n3 6 4 7\n3 2 7 3\n3 11 9 8\n3 10 2 3\n3 10 11 8\n3 18 13 12\n3 14 20 22\n3 16 19 15\n3 16 17 18\n3 18 17 13\n3 16 18 19\n3 19 14 15\n3 21 23 20\n3 14 22 15\n3 23 22 20\n3 12 6 18\n3 6 12 0\n3 13 0 12\n3 0 13 1\n3 14 8 20\n3 8 14 2\n3 15 4 16\n3 4 15 3\n3 16 5 17\n3 5 16 4\n3 17 1 13\n3 1 17 5\n3 18 7 19\n3 7 18 6\n3 19 2 14\n3 2 19 7\n3 20 9 21\n3 9 20 8\n3 21 11 23\n3 11 21 9\n3 22 3 15\n3 3 22 10\n3 23 10 22\n3 10 23 11\n","hash":"vjW8HbML4DxbEZ0tDAg4tPtzQOXPxrHeVidByTRk2Sw="},"matrix":[0,-0.2586793737236215,0.9659632402995234,0,0,-0.9659632402995234,-0.2586793737236215,0,1,0,0,0,-48,-21.745234853641932,81.70128488767868,1,"0","0","1","-48","-380/1469","-1419/1469","0","-127775/5876","1419/1469","-380/1469","0","1920307/23504","1"],"hash":"IveblNhRIE9bikU+exPwWPJJjdOtnqljo1ABUW06mkI=","cache":{"boundingBox":[[-48.00000000000001,-22.740256977535743,80.70626276378486],[72.00000000000004,-20.750212729748124,82.69630701157251]]}}],"hash":"yi4v0qqfw0xKng9PvP/557O3pe0dyEXPnIKBaCJYcX0="}],"hash":"NadKajmabcRsSAKJ9Z0TwSluR/lnCd516dsDyspgCf0="},{"type":"graph","tags":["color:#e2c66c"],"graph":{"isClosed":true,"isEmpty":false,"isLazy":true,"provenance":"algorithm/cgal/fromSurfaceMeshToLazyGraph","serializedSurfaceMesh":"8\n-48 24 0\n-48 -24 0\n48 -24 0\n48 24 0\n-48 24 3/4\n-48 -24 3/4\n48 -24 3/4\n48 24 3/4\n\n12\n3 1 0 2\n3 3 2 0\n3 4 5 6\n3 6 7 4\n3 4 1 5\n3 1 4 0\n3 5 2 6\n3 2 5 1\n3 6 3 7\n3 3 6 2\n3 7 0 4\n3 0 7 3\n","hash":"esqzwmM/lbmnX4uSP4mIP5ni22q4vd2uMC8J0ctXuF0="},"matrix":[1,0,0,0,0,0.2586793737236215,-0.9659632402995234,0,0,0.9659632402995234,0.2586793737236215,0,0,-9.622702518720217,39.33253914227365,1,"1","0","0","0","0","380/1469","1419/1469","-56543/5876","0","-1419/1469","380/1469","115559/2938","1"],"hash":"u18Wns3xtmfFPz/9vk4qkwuVeaBwh7zGOeKrWOZhs4M=","cache":{"boundingBox":[[-48.00000000000003,-15.83100748808714,16.149421375085076],[48.00000000000003,-2.6899251191286537,62.70966643975496]]}}],"hash":"kwzZA1KCzLhRCnlSRd5StZbAi2fdWkzI86PwDnq5Uzw="}],"hash":"ra4Xc9CIj/0X2NVmcEU0PgJjSFBxkufpYQcozdUkIAM="}